Mesta a vzdielenosti, najst najviac vzdialene
---------------------------------------------------------------------

TITLE MASM Template (main.asm)

INCLUDE Irvine32.inc
.data

Vzdialenosti DB 0, 46, 81, 26, 108, 49, 100, 82, 72, 112, 20
			 DB 46, 0, 67, 21, 111, 60, 69, 85, 84, 81, 34
			 DB 81, 67, 0, 61, 43, 43, 32, 18, 68, 31, 53
			 DB 26, 21, 61, 0, 97, 40, 75, 73, 63, 88, 12
			 DB 108, 111, 43, 97, 0, 70, 69, 27, 94, 55, 88
			 DB 49, 60, 43, 40, 70, 0, 74, 44, 24, 73, 30
			 DB 100, 69, 32, 75, 69, 74, 0, 49, 99, 14, 79
			 DB 82, 85, 18, 73, 27, 44, 49, 0, 68, 48, 63
			 DB 72, 84, 68, 63, 94, 24, 99, 68, 0, 98, 53
			 DB 112, 81, 31, 88, 55, 73, 14, 48, 98, 0, 92
			 DB 20, 34, 53, 12, 88, 30, 79, 63, 53, 92, 0


Bytca DB "Bytca", 0
CadcaM DB "Cadca", 0
DolnyKubin DB "Dolny Kubin", 0
KysNovMesto DB "Kysucke Nove mesto", 0
LipMikulas DB "Liptovsky Mikulas", 0
Martin DB "Martin", 0
Namestovo DB "Namestovo", 0
Ruzomberok DB "Ruzomberok", 0
TurTeplice DB "Turcianske Teplice", 0
Tvrdosin DB "Tvrdosin", 0
Zilina DB "Zilina", 0

Mesta DD Bytca, CadcaM, DolnyKubin, KysNovMesto, LipMikulas, Martin, Namestovo, Ruzomberok, TurTeplice, Tvrdosin ,Zilina
AktualneMestoNajVzdialenost DB 0
AktualnaPoziciaNajVzdial DD 0

NajMestoVzdialenost DB 127
NajMestoPozicia DD 0

PocetMiest DD 11

Vypis DB "Z mesta | vzdialenost | do mest ", 0
VypisCenral DB "Centralne mesto: ", 0



Medzera DB " ", 0
Sto DW 100

.code
main PROC

	;---Uloha A a B---
	mov ecx, PocetMiest
	xor esi, esi
	xor eax, eax
	xor ebx, ebx
	xor ebp, ebp

	mov edx, offset Vypis
	call WriteString
	call CrLf

	;Velky cyklus sluzi prechadza jednotlive mesta
	VelkyCyklus:
		mov edi, ecx ; velky cyklus je v edi

		mov ecx, PocetMiest
		xor esi, esi
		mov AktualneMestoNajVzdialenost, 0
		mov AktualnaPoziciaNajVzdial, 0

		;Maly cyklus sluzi na prejdenie vsetkych vzdialenosti mesta a najdenie najvacsej, nasledny vypis
		MalyCyklus: 
			mov al, [Vzdialenosti + esi + ebp]
			cmp al, AktualneMestoNajVzdialenost
			ja Vacsie
			jmp MalyKoniec
			Vacsie:
				mov AktualneMestoNajVzdialenost, al
				mov AktualnaPoziciaNajVzdial, esi
				jmp MalyKoniec

			MalyKoniec:
				inc esi
				loop MalyCyklus

		mov edx,[Mesta + 4*ebx]
		call WriteString
		mov al, Medzera
		call WriteChar

		movzx eax, AktualneMestoNajVzdialenost
		call WriteInt

		mov al, Medzera
		call WriteChar

		mov eax, AktualnaPoziciaNajVzdial
		mov edx,[Mesta + 4*eax]
		call WriteString
		call Crlf

		;Uloha C, problem so size
		mov al, NajMestoVzdialenost
		cmp AktualneMestoNajVzdialenost, al
		ja KoniecVelky
		mov al, AktualneMestoNajVzdialenost
		mov NajMestoVzdialenost, al
		mov NajMestoPozicia, ebx

		KoniecVelky:
			mov ecx, edi
			inc ebx
			add ebp, PocetMiest
			;miesto loop
			dec ecx
			jne VelkyCyklus

		;Uloha C, problem so size
		call CrLf
		mov edx, offset VypisCenral
		call WriteString
		mov eax, NajMestoPozicia
		mov edx, [Mesta + 4*eax]
		call WriteString
		call CrLf

		movzx eax, NajMestoVzdialenost
		call WriteInt
		call CrLf

exit
main ENDP
END main
